Figure 3.1
Benchmark	32K	512K
avrora	0.318	0.426
fop	0.262	0.442
lusearch	0.059	0.79
pmd	0.178	0.335
sunflow	0.285	0.518
xalan	0.283	0.469
Average	0.231	0.497

Figure 3.2
Benchmark	32K	512K
avrora	0.228	0.375
fop	0.238	0.367
lusearch	0.124	0.419
pmd	0.221	0.375
sunflow	0.56	0.679
xalan	0.29	0.46
Average	0.277	0.446

Figure 3.3
Benchmark	Objects	Bytes
avrora	0.228	0.105
fop	0.238	0.141
lusearch	0.124	0.02
pmd	0.221	0.082
sunflow	0.56	0.245
xalan	0.29	0.121
Average	0.277	0.119

Figure 3.4
	avrora	fop	lusearch	pmd	sunflow	xalan	Total
24	0.07907206881	0.04504346767	0	0	0	0.03106989619	0.0239488887
32	0.2809389689	0.2920936039	0.2503176302	0.2978851765	0.6872289118	0.2980041522	0.3325051583
40	0.1247644965	0.086052283	0.1212314664	0.07801823025	0	0.08518754325	0.08320834771
48	0.08950082783	0.2221608989	0.08980015897	0.04823094381	0.06277108824	0.06805813149	0.1059298512
56	0.09418235104	0.06463436915	0.09799908623	0.06962952627	0	0.1123044983	0.07418985603
64	0.05156336232	0.04001537735	0.05473879219	0.09444679288	0	0.09228512111	0.05984432664
72	0	0	0	0.02909369985	0	0.03009550173	0.0116462118
80	0.02998268217	0	0	0	0	0	0.002929917235
88	0	0	0.06157331781	0.03397753436	0	0	0.01684586181
96	0	0	0	0.06638321274	0	0	0.01504011783
104	0	0	0	0.03233590932	0	0.03299653979	0.01286801797
152	0	0	0.07434111293	0	0	0	0.01104460708

Figure 3.5
	avrora	fop	lusearch	pmd	sunflow	xalan
16	0	0.072	0	0.029	0.001	0.001
24	0	0.176	0.105	0.023	0.028	0.228
32	0.168	0.142	0.021	0.138	0.035	0.184
40	0.178	0.084	0.085	0.126	0.003	0.157
48	0.001	0.061	0.017	0.007	0.064	0.013
56	0.161	0.079	0.008	0.154	0.008	0.095
64	0.001	0.04	0	0.011	0.025	0.061
72	0.001	0.059	0.075	0.051	0.027	0.103
80	0	0.04	0.005	0.049	0	0.004
88	0.141	0.001	0.035	0.008	0.001	0.007
96	0	0.011	0.003	0.126	0.001	0
104	0	0.004	0.072	0.035	0.003	0.14
112	0	0.001	0.021	0.037	0.001	0
120	0.003	0.008	0.005	0.029	0.003	0
128	0	0.007	0.003	0.021	0	0.023
136	0	0.017	0.001	0.005	0	0
144	0.001	0.001	0	0.036	0.001	0.047
152	0.001	0.009	0.053	0.028	0.001	0.003
160	0	0.001	0	0.061	0.001	0.103
168	0	0.035	0	0.015	0.001	0.009
176	0.004	0.003	0	0.032	0	0
184	0	0.009	0	0.039	0.001	0.016
192	0	0	0.005	0.072	0	0.003
200	0	0	0	0.112	0	0
208	0	0.001	0	0.067	0	0.001
216	0	0	0	0.031	0.003	0
224	0	0.003	0	0.033	0.037	0.013
232	0	0.004	0	0.008	0.037	0
240	0.001	0.004	0	0.012	0.001	0
248	0	0.005	0	0.008	0	0.003
256	0	0.007	0	0.016	0	0.001
264	0	0.004	0	0.009	0	0.003
272	0	0	0	0.023	0	0
280	0	0.003	0	0.039	0	0
288	0	0	0	0.011	0	0.003
296	0	0.005	0	0.015	0	0

Figure 3.6
Size	Alloc Frequency	Avail 32K	Avail 512K
24	0.079		0.189
32	0.281	0.168	0.183
40	0.125	0.179	0.205
48	0.09	0.001	0.001
56	0.094	0.161	0.2
64	0.052	0.001	0.195
72	0	0.001	0.004

Figure 3.7
		avrora	fop	lusearch	pmd	sunflow	xalan	
higher	squashed	0.104	0.079	0.021	0.054	0.089	0.126	
	recycled	0.299	0.295	0.183	0.281	0.579	0.363	
								
																
higher improvement		avrora	fop	lusearch	pmd	sunflow	xalan	Average
	recycled	1.311403509	1.239495798	1.475806452	1.271493213	1.033928571	1.251724138	1.26397528

Figure 3.8
	avrora	fop	lusearch	pmd	sunflow	xalan			
16	0.066	0.054	0.016	0.102	0.018	0.08		0.102	1
24	0.362	0.39	0.321	0.099	0.214	0.21		0.39	1
32	0.3	0.333	0.062	0.187	0.134	0.393		0.393	1
40	0.232	0.263	0.083	0.062	0.231	0.147		0.263	1
48	0.09	0.104	0.02	0.046	0.079	0.027		0.104	1
56	0.239	0.114	0.011	0.08	0.01	0.215		0.239	1
64	0.006	0.041	0.005	0.02	0.003	0.046		0.046	0
72	0.007	0.094	0.026	0.024	0.017	0.025		0.094	0
80	0.007	0.032	0.004	0.015	0.003	0.019		0.032	0
88	0.032	0.007	0.017	0.01	0.001	0.008		0.032	0
96	0.003	0.012	0.003	0.058	0.004	0.005		0.058	0
104	0.003	0.006	0.054	0.022	0.002	0.063		0.063	0
112	0.002	0.003	0.009	0.004	0	0.008		0.009	0
120	0.006	0.003	0.002	0.004	0.009	0.008		0.009	0
128	0.003	0.002	0.001	0.003	0	0.003		0.003	0
136	0.001	0.012	0.001	0.004	0.002	0.006		0.012	0
144	0.001	0.002	0.001	0.01	0	0.01		0.01	0
152	0.002	0.004	0.044	0.019	0	0.004		0.044	0
160	0	0.003	0.003	0.003	0.002	0.033		0.033	0
168	0.01	0.004	0.002	0.002	0.021	0.003		0.021	0
176	0	0.004	0	0.004	0	0.002		0.004	0
184	0	0.003	0	0.006	0	0.001		0.006	0
192	0	0.002	0.004	0.015	0.003	0.003		0.015	0
200	0.001	0.002	0	0.019	0.001	0.002		0.019	0
208	0.001	0.001	0	0.012	0	0.001		0.012	0
216	0.001	0	0.001	0.007	0.05	0.002		0.05	0
224	0.001	0.002	0.001	0.002	0.001	0.006		0.006	0
232	0	0.001	0	0.002	0	0.002		0.002	0
240	0.001	0.002	0.001	0.004	0.002	0.007		0.007	0
248	0.002	0.002	0.002	0.002	0.001	0.004		0.004	0
256	0.001	0.002	0.001	0.001	0	0.002		0.002	0
264	0	0.002	0	0.002	0.041	0.002		0.041	0
272	0	0	0	0.003	0	0.002		0.003	0
280	0	0.002	0.001	0.006	0	0.001		0.006	0
288	0	0.001	0	0.001	0	0.001		0.001	0
296	0	0.001	0.001	0	0	0.001		0.001	0


